67.66754391498375	19.815302174990975
-73.93600145296583	-58.85333414053657
-241.4503575851935	-151.91686532510752
-169.41957228711868	-111.8997623817326
119.7089113255355	48.72717295863083
33.46194929823048	0.8121940545724884
172.6219591564373	78.12331064246516
-297.3456807929454	-182.96982266274745
-116.959482524647	-82.75526806924833
248.40352628366452	120.22418126870252
-157.12882219661134	-105.0715678870063
104.4243892541723	40.2357718078735
95.36482231821321	35.202679065674005
-81.67468450325936	-63.15260250181076
-245.56568509747498	-154.20315838748613
94.9821210929174	34.990067273842996
-230.6657139028921	-145.92539661271783
-220.36640894872397	-140.20356052706887
-57.46334829611871	-49.7018601645104
-118.01461722970356	-83.34145401650198
-223.98862087798432	-142.2159004877691
-80.34896368766812	-62.4160909375934
92.01870913162247	33.343727295345815
247.2958399289514	119.60879996052856
-94.29642463200966	-70.16468035111649
207.78532846167218	97.6585158120401
-195.39422495677337	-126.3301249759852
-68.5175141824362	-55.84306343468678
151.80543341012174	66.55857411673429
-72.67338072332313	-58.151878179623964
286.0601814208453	141.14454523380294
-283.15438373975707	-175.0857687443095
259.64386933915125	126.46881629952847
191.644882145758	88.69160119208777
275.8532630151426	135.47403500841256
-24.394842344145445	-31.330467968969693
-21.780966042074226	-29.878314467819013
146.7999971682828	63.77777620460155
276.4643707335173	135.8135392963985
-157.40378967925034	-105.22432759958353
-83.05502184328287	-63.9194565796016
162.46162480558866	72.47868044754925
-293.90129038629607	-181.05627243683114
201.99882759382746	94.44379310768191
-288.9844307491494	-178.32468374952745
-276.1991696845169	-171.22176093584272
219.95581696814463	104.4198983156359
277.8105488567684	136.561416031538
-70.57315538734989	-56.98508632630549
-295.9143032058343	-182.17461289213017
-105.13191305206851	-76.18439614003806
-132.62951184321744	-91.46083991289858
259.35267858088434	126.30704365604687
-257.23477713777027	-160.68598729876126
-187.7618896249682	-122.0899386805379
85.06823554099691	29.482353078331617
-143.77480414986454	-97.65266897214696
134.71317779551663	57.0628765530648
106.4354230040559	41.35301278003106
33.44315863949248	0.8017547997180449
172.06924407632988	77.81624670907215
-266.2143540239049	-165.6746411243916
145.07261828056374	62.818121266979865
-210.88204797843093	-134.93447109912827
-0.30999101138189644	-17.949995006323277
53.37017660884641	11.872320338248004
-298.41989353575036	-183.56660751986132
-108.00234711770136	-77.77908173205631
-71.83593149627563	-57.68662860904202
-113.06965549269651	-80.59425305149806
15.485314601295784	-9.174825221502342
-232.32492806874893	-146.84718226041608
-264.95494638646716	-164.97497021470397
-30.467461636628286	-34.70414535368238
-283.80138895990785	-175.4452160888377
-144.29198484114812	-97.93999157841563
-190.83288023621844	-123.79604457567692
136.65567690621725	58.14204272567625
261.65903402148047	127.58835223415582
161.2566264401305	71.80923691118362
-63.86076854366175	-53.255982524256524
13.042229799750544	-10.532094555694142
298.86026902881895	148.25570501601052
-245.31040307088557	-154.06133503938088
-156.67243512257272	-104.8180195125404
-99.75649355345615	-73.1980519741423
6.187220594469295	-14.340433003072613
106.58263890754199	41.43479939307888
-1.195142956185805	-18.441746086769893
140.22026614007314	60.12237007781841
141.52725143658154	60.84847302032308
-118.75594545275396	-83.75330302930776
-250.65845631068248	-157.03247572815695
-288.4510046908141	-178.02833593934116
-111.91062219592331	-79.95034566440184
172.05477024201895	77.80820569001054
225.23202030617608	107.35112239232005
82.66721062059895	28.148450344777196
-273.1955732038102	-169.55309622433901
249.14183302241088	120.63435167911717
265.7894316170143	129.88301756500795
52.422052887878124	11.345584937710068
-157.0820096390031	-105.04556091055728
-166.79471086870035	-110.44150603816686
-102.53959022715543	-74.74421679286414
64.9733173312141	18.31850962845228
-247.29436485143123	-155.1635360285729
-148.25632802393451	-100.1424044577414
-121.69392082849438	-85.38551157138576
-255.4487435080549	-159.69374639336385
-288.9123694221084	-178.2846496789491
260.50553112231887	126.94751729017715
213.82941051918306	101.01633917732391
-284.4091219185805	-175.78284551032252
168.06474924599053	75.59152735888362
299.8039165677819	148.77995364876773
-66.50257601365726	-54.723653340920706
-220.0386154574706	-140.0214530319281
182.14091971875297	83.41162206597386
-78.78604037951769	-61.54780021084316
-281.9611903379966	-174.4228835211092
104.85043098460687	40.47246165811493
15.391340980529094	-9.227032788594947
24.27563252299035	-4.291315265005362
225.07603377677663	107.26446320932035
210.1027546207731	98.9459747893184
-57.71974829837697	-49.844304610209434
230.58414628031778	110.32452571128766
89.62239314420066	32.01244063566703
-276.8126103776674	-171.56256132092633
46.12500507515483	7.847225041752684
-50.936510753277844	-46.07583930737658
-153.40386531936187	-103.00214739964548
-249.44032253522556	-156.35573474179196
157.2046984228681	69.55816579048228
210.75394440561132	99.30774689200628
-67.08991220865369	-55.04995122702982
-38.56324023775693	-39.201800132087186
287.5598484843018	141.97769360238988
-155.94593218092228	-104.41440676717905
-213.39821559479762	-136.33234199710978
-166.72833411950793	-110.4046300663933
-203.0866219929965	-130.60367888499806
-298.2937485924246	-183.49652699579144
114.73505353171078	45.96391862872821
-209.0778726314685	-133.93215146192694
-171.95002286512243	-113.30556825840137
164.5968113258703	73.66489518103906
-41.45118728542127	-40.80621515856737
-158.6481469445024	-105.91563719139022
178.82636776809306	81.57020431560726
65.9370282093721	18.853904560762277
78.00123909762857	25.556243943126983
-204.7998866234135	-131.55549256856304
39.34953522858979	4.083075126994326
-79.25517623092702	-61.808431239403895
151.05337341519254	66.14076300844029
-226.7372199297927	-143.74289996099594
202.57417544737893	94.76343080409941
-44.05745048685034	-42.2541391593613
-254.97781639968412	-159.43212022204673
-177.3206883294363	-116.2892712941313
-175.66273590029056	-115.36818661127252
10.120022852560282	-12.155542859688731
-176.74517748054575	-115.96954304474765
-249.44707659619735	-156.35948699788742
-141.79326774518782	-96.55181541399322
44.91537414597093	7.175207858872739
-30.712115219184795	-34.84006401065822
-120.09226564292763	-84.4957031349598
-38.548866757115434	-39.19381486506413
73.59254948338696	23.10697193521498
-177.47149771329208	-116.37305428516227
-193.521933967513	-125.289963315285
143.63358391519756	62.0186577306653
216.66597359881337	102.59220755489632
22.786051505454225	-5.118860274747653
21.08600908395988	-6.0633282866889555
-248.89086073628275	-156.05047818682377
-82.98576735118394	-63.88098186176886
162.2474236602202	72.35967981123343
-153.99791398012718	-103.33217443340398
-287.6263250776999	-177.57018059872217
-102.18392098598864	-74.54662276999369
194.0374774701291	90.02082081673838
284.70094889988707	140.3894160554928
170.00241899302034	76.66801055167797
244.25725332759703	117.92069629310946
-54.13138152882922	-47.85076751601624
81.69007106332617	27.605595035181206
-118.08819024338109	-83.3823279129895
60.337682499394646	15.743156944108136
-137.82608374111896	-94.34782430062165
200.91802855395423	93.84334919664123
143.0075769260398	61.6708760700221
91.40865903293155	33.00481057385086
-155.6643560541489	-104.25797558563828
108.56920817846537	42.53844898803632
243.4167575715137	117.4537542063965
3.8858807997580698	-15.618955111245517
84.05344055617354	28.918578086763077
-32.152942781883894	-35.640523767713276
-127.82385499025938	-88.7910305501441
-137.90865421122612	-94.39369678401451
221.03615128930778	105.02008404961543
17.856683330437022	-7.85739814975721
121.95589599996953	49.97549777776085
147.49569179453528	64.16427321918627
-252.93718931603547	-158.2984385089086
147.38637045260845	64.10353914033801
7.366792516908845	-13.685115268383974
202.6336431346001	94.79646840811117
26.160423762633513	-3.2442090207591594
-82.20992974804355	-63.44996097113531
230.5734195364073	110.31856640911516
127.44383063720932	53.02435035400518
282.9808466856241	139.4338037142356
231.34684560399774	110.74824755777652
277.28847125818015	136.2713729212112
0.9457594359174664	-17.252355868934742
259.22932636730263	126.23851464850148
78.35088985622542	25.75049436456968
-52.29619160646857	-46.83121755914921
-202.07721870583302	-130.04289928101832
221.02097270773754	105.01165150429864
-39.34525930103001	-39.63625516723889
78.04502861708147	25.58057145393415
77.2046634997775	25.11370194432083
177.0615585972983	80.58975477627683
-115.30871702474005	-81.83817612485558
55.07247236312469	12.818040201735938
-235.4132581470365	-148.56292119279803
-244.50181636131106	-153.61212020072836
-206.24577764085768	-132.35876535603205
-69.7654616166619	-56.53636756481217
-23.295685169076933	-30.71982509393163
-203.05694762591634	-130.5871931255091
-3.7893838776377606	-19.88299104313209
205.5613923509231	96.42299575051283
146.71905881781936	63.73281045434409
-263.8042031202962	-164.33566840016456
191.28173482686822	88.48985268159345
-131.4044950120318	-90.78027500668433
209.04683601779976	98.35935334322208
129.7637910381672	54.31321724342622
-190.52115269924505	-123.6228626106917
-211.41360162022815	-135.22977867790453
281.23225096918065	138.46236164954482
13.592408160786306	-10.226439910674275
-4.79427136812302	-20.441261871179456
-37.28844369882427	-38.49357983268015
-103.85190159523191	-75.47327866401773
-18.41468775824808	-28.008159865693376
-104.14353561140365	-75.63529756189092
55.33479889643877	12.963777164688205
-253.3057389457228	-158.50318830317934
-233.43052449853633	-147.46140249918685
-206.1430662934187	-132.30170349634375
88.26357684091295	31.257542689396082
176.79949951500151	80.44416639722307
296.27614197747937	146.8200788763774
-247.57862560749862	-155.32145867083258
2.272176707776964	-16.515457384568354
-190.84626840403587	-123.8034824466866
220.02221578830097	104.45678654905609
6.019025360967078	-14.433874799462735
-144.42475311681568	-98.01375173156427
-40.05979455178783	-40.03321919543768
-238.80370220907125	-150.44650122726182
51.95512490735808	11.086180504087825
-16.28606403406559	-26.82559113003644
-181.76261994352276	-118.75701107973487
-44.568628784521394	-42.53812710251188
97.39619740372638	36.33122077984799
-277.94506817953976	-172.19170454418875
-277.944091648328	-172.19116202684893
143.92801757460956	62.182231985894205
-9.834371273698196	-23.241317374276775
-1.0456193787956636	-18.35867743266426
-278.70911253663047	-172.61617363146138
191.02946458946974	88.34970254970541
45.57408615585672	7.541158975475955
173.7395045342227	78.74416918567928
269.14170042667683	131.74538912593158
-297.05732271741283	-182.809623731896
258.0377762886502	125.57654238258344
-92.20419599326002	-69.00233110736667
223.18341661444902	106.21300923024945
189.68874115944777	87.6048561996932
183.1601202982435	83.97784461013528
-184.38355164420742	-120.21308424678189
208.92662341288838	98.29256856271576
-184.10156516722773	-120.05642509290429
93.4761065867691	34.15339254820506
-249.6229704807807	-156.45720582265596
-85.26969310005109	-65.14982950002837
166.20102858033363	74.55612698907424
-127.19760222122204	-88.44311234512335
-134.64448603035729	-92.58027001686516
-226.5990168355663	-143.66612046420352
-117.75955118594098	-83.19975065885609
-113.49201677334787	-80.82889820741548
-132.5476838923356	-91.41537994018645
249.66781597081444	120.92656442823025
285.48032581633356	140.82240323129642
-56.80428660824569	-49.335714782358714
-221.65888367994225	-140.92160204441237
162.4874319492621	72.49301774959005
-238.36372942541442	-150.202071903008
139.10643123609123	59.50357290893957
-90.90200146455047	-68.27888970252803
-214.7843660766223	-137.1024255981235
-93.12738831296363	-69.51521572942424
294.03210013946966	145.57338896637202
-29.299424582700226	-34.0552358792779
245.73542520605054	118.74190289225028
117.86551458713728	47.703063659520716
57.62928079115733	14.238489328420737
84.60478227323705	29.22487904068725
190.89562642979854	88.27534801655474
129.5654992065792	54.20305511476622
96.9677047162968	36.093169286831554
-225.6375697360425	-143.13198318669026
91.83132515938155	33.2396250885453
-7.740487441953405	-22.078048578863005
-123.88743140533904	-86.6041285585217
-160.85523889688284	-107.14179938715714
-244.63294671726536	-153.68497039848074
-270.64510697808055	-168.13617054337809
235.2868837815223	112.93715765640128
-221.05532392854386	-140.58629107141326
-0.03495508617811538	-17.797197270098952
-48.42352829924809	-44.67973794402672
80.81454730364766	27.11919294647092
-191.8122416517922	-124.34013425099566
-14.99698888472409	-26.10943826929116
-30.592745862130357	-34.77374770118353
-107.69939882028086	-77.61077712237825
-128.4097627750982	-89.11653487505455
48.28398517773451	9.046658432074727
137.9871506086102	58.88175033811677
-264.83403817014295	-164.90779898341276
-290.9742856319732	-179.43015868442956
239.78665032543609	115.4370279585756
-131.95732310368652	-91.0874017242703
232.23616974867855	111.24231652704364
-145.4754820781981	-98.59749004344339
120.66999945939182	49.26111081077323
116.88172093713138	47.156511631739654
244.5328631931843	118.0738128851024
111.65115949802583	44.25064416556991
146.3435467704519	63.52419265025105
-198.58399148263905	-128.10221749035503
-296.05909222749494	-182.2550512374972
60.76416165645253	15.980089809140294
-207.61952740437823	-133.12195966909903
-74.85098681014668	-59.36165933897038
-225.94751447719173	-143.30417470955095
-156.01890938806432	-104.45494966003574
128.19159450262987	53.43977472368326
-275.93598126778437	-171.0755451487691
217.72582931403292	103.18101628557385
-152.1280081519282	-102.29333786218234
-72.28481817914289	-57.93601009952383
-9.634638913325603	-23.130354951847558
43.643980817576505	6.468878231986947
32.025855000213255	0.014363889007363973
31.640572894105162	-0.1996817254971322
-100.91315374781345	-73.84064097100747
-36.216331550662346	-37.897961972590196
67.7797958118889	19.877664339938278
-261.5749684362438	-163.09720468680212
283.1499501146253	139.52775006368074
2.740206476290382	-16.255440846505344
-124.97243230490218	-87.20690683605677
-186.68786354118157	-121.49325752287865
212.45820030467837	100.25455572482132
-227.71580918840135	-144.286560660223
-174.48182899956555	-114.71212722198086
-73.089406240883	-58.383003467157224
248.00038098253106	120.00021165696171
-197.94333451407397	-127.74629695226332
-117.14993986259935	-82.86107770144409
-52.617984507656985	-47.00999139314277
262.8333152811322	128.2407307117401
-208.04967453111124	-133.3609302950618
-84.78677892746481	-64.88154384859156
-31.620768664082675	-35.34487148004593
-270.8762334585412	-168.264574143634
-40.35846514724204	-40.199147304023356
148.87888754927212	64.93271530515118
-120.64578332158865	-84.80321295643813
47.80194440616992	8.778858003427736
170.34100146397702	76.85611192443167
123.28470854180671	50.7137269676704
-197.2231432270954	-127.34619068171966
-281.9738826039853	-174.42993477999184
-185.2383594230638	-120.68797745725766
-101.13499913458276	-73.96388840810154
-201.05826036196606	-129.47681131220335
246.15904476339801	118.97724709077667
277.124375453384	136.18020858521334
232.81283669453364	111.5626870525187
-182.89641389577605	-119.38689660876447
-152.59774901478323	-102.5543050082129
-28.65302048173146	-33.69612248985081
-205.34570466955012	-131.85872481641672
-209.27242273130452	-134.04023485072472
194.83914628954818	90.46619238308232
-199.7575270261445	-128.7541816811914
-34.144243541637536	-36.74680196757641
194.59661601814003	90.33145334341113
-88.0127772409727	-66.67376513387372
-48.772981738868225	-44.87387874381568
-140.56218939261404	-95.8678829958967
56.67708007097053	13.709488928316963
60.17868366720967	15.654824259560927
162.9672805366149	72.7596002981194
83.98960693959788	28.883114966443266
221.4321083524735	105.24006019581861
-69.86393383096367	-56.59107435053537
227.1955716635415	108.44198425752306
-292.1967461132062	-180.10930339622567
272.2557875000806	133.4754375000448
295.3080144933989	146.28223027411047
-48.388270374934905	-44.66015020829717
-193.91614357235088	-125.50896865130605
-207.56611166165976	-133.09228425647765
-33.36811075174268	-36.315617084301486
223.34410555720808	106.3022808651156
112.96356219246633	44.979756773592406
-166.03884325597346	-110.02157958665192
-78.85543230905384	-61.58635128280769
-192.02587842507796	-124.45882134726554
113.62217074377679	45.34565041320933
193.3167493449664	89.62041630275911
21.708929063795438	-5.717261631224757
100.23549261603154	37.90860700890641
37.44107787095817	3.0228210394212045
-46.41826533653267	-43.565702964740375
82.9665998378091	28.31477768767172
-105.04322100880356	-76.13512278266865
154.1659891129093	67.86999395161628
-98.69402252678506	-72.60779029265836
-215.54616375795288	-137.52564653219605
115.48445253520885	46.38025140844936
199.08175982285144	92.82319990158413
147.15581034418426	63.975450191213476
167.21183619675776	75.11768677597654
-110.52520519266685	-79.18066955148157
-151.71074519434904	-102.0615251079717
-263.9669680061355	-164.42609333674196
-108.15272789092603	-77.86262660607002
88.8012249477531	31.556236082085054
-175.63008672292267	-115.35004817940148
-79.92237275744333	-62.1790959763574
-170.12351252077255	-112.29084028931808
279.6022392771283	137.5567995984046
294.8210841160146	146.0117133977859
109.02444020033664	42.79135566685369
-136.23433476264063	-93.46351931257813
-31.009097154787696	-35.00505397488205
160.73883541970065	71.52157523316703
224.8837914105029	107.15766189472384
-39.54320196748688	-39.74622331527049
184.121580745257	84.51198930292055
228.12660411707338	108.95922450948521
-97.61023105202901	-72.00568391779389
87.08559483248308	30.60310824026838
-159.1934084568076	-106.21856025378199
81.56349120770159	27.535272893167548
-117.93645883947991	-83.29803268859995
-261.09366287278465	-162.82981270710258
-203.618412632583	-130.89911812921275
-37.378210737142126	-38.5434504095234
-24.084954452125658	-31.1583080289587
-119.58915638092509	-84.21619798940281
-278.73957420195086	-172.63309677886159
247.4027318801585	119.66818437786586
-124.01305897406405	-86.6739216522578
32.69701325767693	0.3872295875982938
30.041411364761302	-1.0881047973548321
-283.4112830188	-175.228490566
-143.69489197258972	-97.6082733181054
133.55020480216126	56.416780445645145
179.1465882898009	81.74810460544494
-53.536339486868826	-47.52018860381602
-70.39630174221429	-56.88683430123016
263.6803320711625	128.7112955950903
-171.3903147330364	-112.99461929613133
-19.073517324635645	-28.37417629146425
-78.3136106429873	-61.28533924610406
49.63198921711631	9.795549565064618
-222.66841284261073	-141.48245157922818
-25.99957105250661	-32.22198391805923
190.1793873143963	87.87743739688683
-259.4703971898331	-161.92799843879615
-196.1298028295991	-126.73877934977729
90.50852459204441	32.50473588446911
-50.366584649278224	-45.75921369404346
34.58774958395509	1.4376386577528264
30.92448903521756	-0.597506091545799
14.721314227274036	-9.599269873736647
242.45179155368498	116.91766197426942
93.68964168247783	34.27202315693213
184.36927274485276	84.64959596936265
-277.34060853373137	-171.85589362985078
112.8342414467889	44.90791191488272
72.61448021645242	22.563600120251344
27.362594025195335	-2.576336652669258
296.3798684923448	146.87770471796935
240.81932143245615	116.01073412914229
-237.0932265188992	-149.496236954944
-290.23727594114655	-179.02070885619253
34.25432970522917	1.2524053917939821
267.45778059249756	130.80987810694307
38.426482972766564	3.570268318203647
-195.23425307893052	-126.24125171051696
126.56352523384618	52.53529179658121
-81.46249409821598	-63.03471894345333
-149.0611615940895	-100.58953421893861
102.90999536019552	39.39444186677529
-136.12138509178087	-93.40076949543382
-61.58222795746593	-51.99012664303663
220.98611925360638	104.99228847422576
160.29209618022765	71.27338676679314
252.32548462408204	122.40304701337891
114.39089503665036	45.77271946480576
-89.34818620355497	-67.41565900197499
-8.454030832197247	-22.474461573442916
-22.076305063511654	-30.04239170195092
249.59615699745677	120.88675388747599
-140.2562849446952	-95.69793608038623
-234.2162814236277	-147.89793412423762
-75.0922660615089	-59.495703367504944
-59.0475589185194	-50.58197717695522
217.7855362124933	103.21418678471849
-265.6592628968381	-165.36625716491005
72.09729734122425	22.276276300680138
226.63858064804447	108.13254480446915
47.823601133325724	8.790889518514291
-266.07871848488077	-165.59928804715597
215.7434539255762	102.07969662532011
79.2670298877145	26.259461048730277
-294.0581938386751	-181.14344102148618
129.75182043910996	54.306566910616645
-135.29389244064436	-92.94105135591354
-140.0855515706283	-95.60308420590461
-277.95951148390185	-172.1997286021677
88.71818974171208	31.510105412062266
-137.91982902611423	-94.39990501450791
48.971752533975405	9.428751407764114
-177.98648338618602	-116.65915743677003
225.534159003519	107.51897722417722
160.11960800038804	71.17756000021558
167.51661133195972	75.28700629553317
-172.73020365674068	-113.7390020315226
-214.74066466435502	-137.07814703575278
-284.79189224008417	-175.99549568893565
-299.94337174986424	-184.4129843054801
219.2351242944868	104.01951349693712
138.1264744333597	58.95915246297761
218.91165234461948	103.83980685812193
203.0890135352097	95.04945196400539
147.7909339113204	64.32829661740021
-130.0663755726204	-90.03687531812244
-34.27301732620805	-36.81834295900447
142.29864955568388	61.277027530935484
8.885295742285109	-12.841502365397162
270.2702051514781	132.37233619526558
103.54493923543049	39.74718846412805
57.01948360453588	13.899713113631044
-233.91801342108653	-147.7322296783814
238.24559419066952	114.58088566148308
57.35394681837374	14.085526010207635
-33.21640563155091	-36.23133646197273
46.30027354971094	7.9445964165060765
132.47250040881113	55.81805578267285
-99.31721493546891	-72.95400829748273
265.4814283606969	129.71190464483163
36.877939033221026	2.7099661295672366
-267.91174648849415	-166.6176369380523
266.92798973500044	130.515549852778
110.73108249046379	43.739490272479884
-41.61765613966992	-40.89869785537218
38.90186997880147	3.8343722104452618
282.8962693342231	139.38681629679064
-244.19919545456736	-153.44399747475964
-109.81276944755592	-78.78487191530884
226.9918109881179	108.32878388228772
-259.49877112916926	-161.94376173842736
-37.51025567740942	-38.6168087096719
132.44819917100807	55.80455509500448
-77.93728718325917	-61.07627065736621
-104.8508123881733	-76.02822910454071
-230.1748746890753	-145.6527081605974
137.94407030349657	58.85781683527588
-139.84801880647575	-95.47112155915319
-136.2673626508996	-93.48186813938867
67.37880226428575	19.65489014682542
286.4459142932228	141.35884127401266
267.96817963388764	131.09343312993758
-289.6945850363307	-178.7192139090726
222.15059823881688	105.63922124378716
-58.673449522127555	-50.3741386234042
26.573658964798312	-3.014633908445382
119.94558236779312	48.85865687099618
272.3585496042398	133.53252755791098
-60.720923324012546	-51.51162406889586
-199.63097594932768	-128.68387552740427
192.534694652754	89.18594147375224
165.28213033482206	74.04562796379004
-189.85732363178076	-123.25406868432265
260.5745877980114	126.98588211000634
-5.727142102602556	-20.959523390334752
25.08401144167209	-3.842215865737728
43.497979161977696	6.38776620109872
-189.7184662346333	-123.17692568590739
-229.01700467309018	-145.00944704060566
-240.3028471438301	-151.27935952435007
-113.57159428554579	-80.87310793641433
-194.8120560801073	-126.00669782228185
139.7245187282855	59.84695484904749
43.29776317572043	6.276535097622463
-65.29446446748011	-54.052480259711174
228.74197576926815	109.30109764959342
-193.85921998967842	-125.47734443871023
32.154734932161716	0.08596385120095344
-181.0931947490638	-118.38510819392432
-128.52761122964012	-89.18200623868896
-147.17179657999156	-99.5398869888842
237.80472477550563	114.33595820861426
180.82314888253126	82.67952715696181
190.72886596326384	88.18270331292436
-146.40485788086065	-99.11380993381147
-270.3270740424097	-167.95948557911652
-80.52741749907563	-62.51523194393091
-166.44530151837108	-110.24738973242837
252.54188139472933	122.52326744151631
276.2774988688043	135.70972159378016
-33.142588391885454	-36.19032688438081
23.57671420078009	-4.67960322178884
161.11283241772594	71.72935134318108
210.2995549683473	99.0553083157485
-147.88470429590592	-99.93594683105886
248.08564713219096	120.04758174010607
-56.29412478226402	-49.05229154570223
-160.73938783495015	-107.07743768608341
-236.76627250529708	-149.31459583627617
-196.0102362067878	-126.67235344821545
-278.85389569730546	-172.69660872072527
-20.439519595624063	-29.13306644201337
-225.78780015459168	-143.21544453032868
-138.52194859772183	-94.73441588762324
-21.786822654102536	-29.881568141168074
67.18557380524754	19.547541002915302
-29.073422911388434	-33.9296793952158
163.88881177906234	73.27156209947907
-266.7305364202743	-165.96140912237462
141.8164564485461	61.00914247141449
5.184696165021364	-14.897391019432575
216.09520165878268	102.27511203265705
66.98989042283506	19.438828012686145
-30.23021185817379	-34.57233992120766
-236.30196813691055	-149.0566489649503
113.52129042320291	45.28960579066828
232.34434470582107	111.30241372545615
-167.41703180198064	-110.78723988998925
218.42148337936783	103.56749076631546
5.393396907223519	-14.781446162653602
231.07769569654658	110.59871983141477
-206.12749588662442	-132.2930532703469
-231.19995243653435	-146.2221957980746
36.40961090203547	2.4497838344641485
-289.20823593472034	-178.44901996373352
-56.80833041893953	-49.3379613438553
-288.96829906535976	-178.31572170297764
-296.4070475080715	-182.4483597267064
-188.0042640402674	-122.22459113348188
285.13200982374326	140.62889434652405
100.29120831834422	37.939560176857896
203.6732808534257	95.37404491856984
61.93543301697497	16.63079612054165
-187.18108426282296	-121.76726903490164
187.87330328304	86.59627960168889
-25.354434832031757	-31.86357490668431
267.28983186726725	130.71657325959293
66.44365635632681	19.135364642403786
-56.051802613228375	-48.917668118460206
-269.7017667764814	-167.6120926536008
83.93341604725367	28.851897804029818
-124.88087244039531	-87.15604024466406
295.12816534673425	146.18231408151902
-143.4001389647461	-97.44452164708117
-249.3944146333226	-156.3302303518459
81.45626874133171	27.475704856295394
203.0178121048687	95.00989561381594
65.49604401378883	18.608913340993794
11.966071742676718	-11.12996014295738
-81.16890646512195	-62.87161470284553
227.58957725176117	108.66087625097843
38.92038694141701	3.8446594118983373
166.0429966743099	74.46833148572773
93.40355899869712	34.113088332609514
124.95116018735763	51.63953343742091
-6.4828705606103085	-21.379372533672395
-261.83069600610196	-163.23927555894554
-8.456128106798872	-22.475626725999373
-102.40311618717556	-74.6683978817642
-298.3313652721733	-183.5174251512074
-251.2359382885656	-157.35329904920312
87.56001700671578	30.8666761148421
-246.60788847369722	-154.7821602631651
293.74225637276345	145.41236465153526
-270.94868091742535	-168.304822731903
-209.16090020166257	-133.97827788981255
262.32296565896604	127.95720314387002
-272.45479062500397	-169.14155034722444
34.488906918897385	1.3827260660541028
271.57951371858644	133.09972984365913
75.39158794090781	24.106437744948785
285.5176237169728	140.84312428720713
267.39629042829597	130.77571690460888
249.42417297473423	120.79120720818567
133.54791861144975	56.4155103396943
38.140507886572436	3.4113932703180203
170.9905795040945	77.21698861338584
46.241483663991914	7.9119353688843965
67.63819701842783	19.798998343571018
12.048422237330499	-11.084209868149722
-281.12569827252844	-173.9587212625158
-240.98294385400533	-151.65719103000296
55.61417029220382	13.118983495668791
218.30511603872185	103.50284224373436
211.35196302056642	99.63997945587023
32.978138274494086	0.5434101524967142
150.46704236006127	65.81502353336737
184.43563570758175	84.68646428198986
92.95871610935114	33.86595339408397
101.68419614641743	38.713442303565245
244.39370418906412	117.99650232725783
-140.54125104733316	-95.85625058185175
-69.77982440590378	-56.54434689216877
5.945238676266513	-14.47486740207416
55.5528933422799	13.084940745711057
-179.83325662010603	-117.68514256672557
-47.55319940656136	-44.19622189253409
-217.21569104854694	-138.45316169363718
-187.05364013258847	-121.69646674032691
91.91477017842146	33.28598343245637
32.67763039845812	0.3764613324767336
36.61914566517021	2.5661920362056714
-261.561857347388	-163.0899207485489
295.72882772877404	146.51601540487445
-178.17320995167177	-116.76289441759542
122.50135501239856	50.27853056244365
-260.84228573847946	-162.69015874359968
223.66453369927217	106.48029649959565
152.17142544292244	66.7619030238458
-258.80825777420256	-161.5601432078903
293.07899278885964	145.04388488269979
-161.350553660644	-107.41697425591333
-72.37375638820637	-57.98542021567021
25.11432214547483	-3.8253765858473168
-44.3202091818942	-42.40011621216345
-27.45753548332317	-33.03196415740176
128.20708500290732	53.448380557170736
-261.7179925507247	-163.1766625281804
-201.24385437873866	-129.57991909929925
-199.0606100487206	-128.36700558262257
184.37417139941635	84.6523174441202
-210.67142634959993	-134.81745908311106
140.0326498685253	60.0181388158474
-1.8663419036706728	-18.814634390928152
-237.79948504663903	-149.88860280368831
-124.92567757583831	-87.18093198657684
80.59993212503667	26.99996229168704
261.5552119897998	127.53067332766653
-120.25967342793669	-84.58870745996484
-48.18665663761749	-44.54814257645416
109.63777384308071	43.132096579489286
-26.108041563877464	-32.28224531326526
-238.83935455101295	-150.46630808389608
-240.9099120298436	-151.61661779435755
-8.449084764688621	-22.471713758160345
117.82523715129349	47.680687306274166
234.69348570345346	112.60749205747415
265.80710012913505	129.89283340507504
202.99968545390414	94.99982525216896
-240.49724412342468	-151.38735784634707
93.23584441795003	34.019913565527794
294.11023165704466	145.6167953650248
-108.21131643756789	-77.89517579864884
89.05358072522193	31.696433736234408
-59.358426022523446	-50.75468112362413
68.38563732194064	20.214242956633687
103.98065418321522	39.989252324008454
27.43274377208462	-2.5373645710640997
-132.41193140224135	-91.33996189013409
-210.80423964508464	-134.89124424726924
-235.31630870441938	-148.50906039134412
13.5067957019466	-10.274002387807444
-31.98513140238066	-35.54729522354481
278.10567492443204	136.72537495801782
-230.6266005283961	-145.90366696022005
-54.75753883298404	-48.19863268499113
-195.15010930238557	-126.19450516799199
-220.5003859318781	-140.27799218437673
-249.42544913143763	-156.3474717396876
-91.2057173937921	-68.44762077432895
-257.88671203254603	-161.04817335141445
237.83117158154766	114.35065087863758
-216.7046068704725	-138.1692260391514
-99.48716761383355	-73.04842645212975
-146.65024903468705	-99.25013835260391
246.65953242806938	119.25529579337187
-253.27142589631964	-158.48412549795538
44.48707701172202	6.937265006512234
190.3496667295932	87.97203707199623
-152.36783318371508	-102.42657399095282
133.71262735915548	56.50701519953082
64.486976666256	18.04832037014222
284.84721166303507	140.4706731461306
231.88571561604044	111.04761978668914
-33.37471832669513	-36.31928795927507
64.29578546027221	17.942103033484564
63.2575400603597	17.365300033533167
-266.6892043772587	-165.93844687625483
-203.01927611757256	-130.56626450976253
-96.9922078351706	-71.66233768620589
-101.8482997073254	-74.36016650406967
-230.1413330780956	-145.63407393227533
-278.1842134307886	-172.32456301710477
189.0946867010843	87.27482594504684
196.22191509448032	91.23439727471128
202.3437490198823	94.63541612215684
178.90781935492794	81.61545519718219
-288.3824337025748	-177.99024094587492
83.36293541079306	28.534964117107254
149.42947446440354	65.23859692466863
-73.11372021364696	-58.39651122980386
103.98107114267077	39.98948396815043
105.92716206895369	41.07064559386316
-155.78862554670584	-104.32701419261436
-246.84304905995324	-154.91280503330736
74.37640850433274	23.54244916907375
-199.95231294806123	-128.86239608225623
-97.2847012467511	-71.82483402597283
72.62350899277925	22.568616107099583
-146.54491509494264	-99.19161949719036
216.97018783998215	102.76121546665675
0.42387969489016086	-17.542289058394356
63.64677895317351	17.58154386287417
218.27649346050782	103.48694081139324
-219.3014116299545	-139.61189534997473
-169.39594374150224	-111.88663541194569
-167.32326626814177	-110.73514792674543
-90.02330219752238	-67.79072344306799
41.726057514680974	5.403365285933875
-210.80291002583192	-134.89050556990662
-186.6476730019782	-121.47092944554343
136.14089792801593	57.85605440445329
80.9284878051734	27.182493225096337
72.70227159330733	22.612373107392962
-254.16283215673025	-158.97935119818348
3.79796241267519	-15.667798659624895
-23.991754248829864	-31.106530138238814
-181.58790418005538	-118.65994676669743
-184.78243873291245	-120.43468818495136
2.714416588434119	-16.269768561981046
-227.79759099368647	-144.33199499649248
-253.63387349243732	-158.6854852735763
-207.7820857412359	-133.2122698562422
88.79125630949784	31.550697949721023
-296.84755130118884	-182.693084056216
122.39950494796136	50.22194719331187
113.16076025873252	45.0893112548514
-201.73292221264035	-129.85162345146688
-92.38928743960486	-69.10515968866937
25.541525651181644	-3.588041304899087
-140.43696022095264	-95.79831123386258
252.14394096895057	122.30218942719476
37.70260199814919	3.1681122211939954
193.7305455726513	89.85030309591738
-149.3980058287792	-100.77666990487734
239.6897938468768	115.38321880382045
149.86649968684145	65.48138871491193
-53.50389717289144	-47.5021650960508
-206.47018289277975	-132.4834349404332
56.08954649453443	13.383081385852462
-74.27828723331368	-59.043492907396484
-73.25941959370397	-58.47745532983554
35.0943313959898	1.71907299777211
197.12171735112338	91.73428741729077
184.2826754239024	84.60148634661245
190.36645594665265	87.98136441480703
119.22316581762209	48.457314343123386
263.8768560419568	128.82047557886486
225.56174632488148	107.53430351382305
-275.8557176366545	-171.03095424258584
-1.4818524442214311	-18.601029135678573
281.74337401490686	138.74631889717045
-170.18779033630517	-112.3265501868362
243.15460852315584	117.30811584619768
178.09898492233447	81.16610273463026
195.31356117530333	90.72975620850185
285.5988366059696	140.888242558872
-106.48163359753704	-76.93424088752057
97.64725689051454	36.47069827250808
-35.482903365127356	-37.4905018695152
212.2790478743358	100.15502659685322
86.80860371161663	30.44922428423146
-189.04609042668955	-122.80338357038308
-200.0788693125041	-128.93270517361339
-254.7383249994167	-159.2990694441204
74.48584578683119	23.60324765935066
-36.90540057042631	-38.28077809468128
-271.98027534537067	-168.87793074742817
-198.38662800888653	-127.99257111604805
-154.05543248194564	-103.36412915663647
70.08096835719687	21.156093531776037
8.778586008190132	-12.900785551005482
104.86137538023775	40.47854187790986
91.8626438339848	33.25702435221378
134.3971459731551	56.8873033184195
-82.82585435415214	-63.7921413078623
-286.6113954206935	-177.00633078927416
-157.384454866098	-105.2135860367211
-7.62068700144971	-22.01149277858317
-196.41857514151997	-126.89920841195554
-288.0302112762653	-177.79456182014735
-218.43949589654747	-139.1330532758597
-96.72877397109247	-71.51598553949582
57.39103036413633	14.106127980075737
-7.059674389943211	-21.699819105524007
136.51797185503438	58.06553991946354
-108.04994027292435	-77.80552237384686
277.3669354231887	136.31496412399372
59.4708291281886	15.261571737882555
-268.5119226954709	-166.9510681641505
22.45562040193346	-5.302433110036968
-234.1602951342275	-147.8668306301264
-76.77692358703584	-60.431624215019916
250.67491186973075	121.48606214985041
-20.96664861043314	-29.425915894685076
-284.6950436478778	-175.94169091548767
70.55926070071143	21.42181150039524
-205.55099410140542	-131.9727745007808
-60.56128363090363	-51.422935350502016
-284.70622162370046	-175.9479009020558
-85.72429968586323	-65.40238871436846
-78.62028321435616	-61.45571289686453
-138.04863976195298	-94.47146653441831
108.19711278423426	42.33172932457459
-83.61055179480897	-64.22808433044943
-35.00126133403887	-37.22292296335493
159.05110892128187	70.58394940071214
-131.7682619147513	-90.98236773041738
-82.11096428437264	-63.3949801579848
-191.62477223348074	-124.23598457415596
195.96293823928323	91.09052124404623
-142.38355278857264	-96.87975154920701
219.7192198481016	104.28845547116755
-98.01177088013759	-72.22876160007644
-170.704832346254	-112.61379574791889
-260.137585020471	-162.29865834470613
113.98068329004764	45.54482405002646
-13.158276615405384	-25.08793145300299
-24.749824586909597	-31.52768032606089
-142.4220973511151	-96.90116519506394
-114.46528659855576	-81.3696036658643
118.40460688961161	48.002559383117564
42.736169174607255	5.964538430337364
213.66431503044203	100.92461946135668
-48.690158770804544	-44.8278659837803
-200.81603586821842	-129.34224214901025
260.7866884694654	127.10371581636966
-285.8513547975653	-176.5840859986474
9.27230349458381	-12.62649805856455
-18.373429283101075	-27.985238490611707
-147.75034324056136	-99.86130180031188
3.3435093294715443	-15.92027259473803
-174.06773131064796	-114.48207295035998
-4.069215566678508	-20.03845309259917
-248.80278485531767	-156.00154714184316
170.5153360012606	76.95296444514479
235.01105447116015	112.78391915064452
-161.78204304573683	-107.6566905809649
-88.43830129634759	-66.91016738685977
299.44991056063407	148.58328364479672
-250.66697243271125	-157.0372069070618
162.73756043941245	72.6319780218958
239.04030916377678	115.02239397987599
-284.6006344420569	-175.88924135669828
61.07594074766746	16.15330041537081
-155.00347281847897	-103.89081823248831
-280.7363801508505	-173.74243341713915
43.3126777268493	6.284820959360723
-79.70903638847037	-62.06057577137243
-244.02032980092906	-153.34462766718283
